85,310
75,382
75,381
75,380
74,256
75,379
85,309
75,378
74,255
74,254
74,253
74,252
74,251
74,250
85,462
85,461
74,249
74,248
74,247
74,246
74,245
85,308
75,377
75,376
85,339
85,338
75,375
75,374
74,244
74,243
74,242
74,241
74,240
74,239
74,238
74,237
75,373
83,64
75,372
74,236
74,235
74,234
74,233
85,307
85,517
85,516
75,371
75,370
75,369
85,306
75,368
75,367
75,366
75,365
75,364
75,363
75,362
75,361
75,360
85,305
75,359
75,358
75,357
75,356
75,355
85,460
75,354
75,353
75,352
75,351
75,350
75,349
75,348
85,337
75,347
75,346
75,345
75,344
75,343
75,342
75,384
75,341
75,340
85,304
83,35
83,34
83,33
83,32
83,31
75,339
75,338
75,337
75,336
75,335
75,334
75,333
75,332
75,331
75,330
75,329
85,303
75,328
85,515
75,327
75,326
75,325
75,324
75,323
75,322
75,321
85,459
85,302
85,336
83,30
85,301
85,300
85,514
75,319
75,318
75,317
75,316
75,315
75,314
75,313
85,458
75,312
85,299
75,311
75,310
75,309
75,308
75,307
85,335
75,320
75,306
83,29
75,305
75,304
75,303
75,302
83,28
75,301
75,300
75,299
85,298
75,298
75,297
75,296
75,295
75,294
75,293
75,292
75,291
75,290
75,289
75,288
75,287
75,286
75,285
85,297
75,284
75,283
75,282
75,281
75,280
75,279
75,278
85,457
75,277
75,276
85,334
85,296
85,513
75,275
75,274
75,273
85,295
85,294
75,272
85,456
85,333
83,27
85,293
83,26
83,25
85,292
75,271
85,512
75,270
75,269
75,268
75,267
75,266
75,265
75,264
75,263
75,262
85,291
75,261
85,290
85,455
85,332
85,289
83,24
83,23
83,22
82,13
83,21
74,232
74,231
74,230
74,229
75,260
85,288
75,259
75,258
75,257
85,390
75,255
75,254
75,253
75,252
75,251
75,250
74,228
75,249
75,248
85,287
75,247
75,246
75,245
75,244
75,243
75,242
75,241
75,240
75,239
75,238
75,237
85,454
83,20
75,236
75,235
75,234
85,331
75,233
85,286
75,232
74,227
75,231
75,230
75,256
75,229
75,228
75,227
75,226
75,225
75,224
75,223
75,222
75,221
75,220
75,219
75,218
75,217
75,216
74,226
75,215
75,214
74,225
85,285
74,224
75,213
75,212
75,211
75,210
75,209
75,208
75,207
74,223
75,206
75,205
75,204
75,203
74,222
75,202
74,221
74,220
75,201
75,200
75,199
75,198
75,197
75,196
75,195
85,284
85,389
75,194
75,193
85,453
75,191
75,190
85,330
75,189
85,283
75,188
75,187
85,282
74,219
83,19
83,18
75,186
75,185
85,281
75,184
75,183
75,182
74,218
85,452
74,217
75,181
74,216
85,388
85,329
85,280
75,180
75,179
83,17
75,178
83,16
75,177
85,279
85,278
85,451
85,328
85,277
85,387
85,276
75,176
83,15
83,14
75,192
75,175
75,174
75,173
85,275
75,172
75,171
85,450
75,170
74,215
85,327
74,214
75,169
74,213
75,168
85,274
75,167
75,166
74,212
75,165
75,164
74,211
75,163
74,210
74,209
75,162
75,161
75,160
75,159
75,158
75,157
75,156
75,155
85,273
85,386
83,13
75,154
75,153
75,152
75,151
75,150
83,12
75,149
75,148
75,147
75,146
85,272
75,145
75,144
75,143
75,142
75,141
75,140
75,139
85,449
75,138
75,137
75,136
75,135
75,134
85,326
75,133
75,132
85,271
75,131
75,130
75,129
75,127
75,126
75,125
85,270
75,124
75,123
75,122
75,121
75,120
75,119
75,118
83,11
83,10
83,9
85,385
85,269
75,128
75,117
85,448
85,323
75,116
75,115
75,114
75,113
75,112
75,111
75,110
85,268
75,109
75,108
75,107
75,106
75,105
75,104
75,103
75,102
75,101
75,100
75,99
75,98
75,97
75,96
75,95
75,94
75,93
85,267
75,92
75,91
75,90
75,89
75,88
75,87
75,86
75,85
75,84
75,83
85,325
85,266
85,324
85,119
85,127
85,384
85,322
85,265
85,264
85,263
85,126
85,321
85,125
85,262
85,261
0,372
0,370
0,368
0,318
0,316
0,315
0,312
0,309
0,306
0,492
0,491
0,490
0,489
0,488
0,486
0,485
85,260
85,124
0,483
0,482
74,208
0,478
0,477
0,476
0,475
0,473
0,472
0,471
85,320
74,207
0,469
0,467
0,465
0,464
0,463
0,462
0,461
0,459
0,453
0,430
0,429
0,428
0,427
0,426
0,425
0,424
0,423
85,259
0,422
0,421
0,420
0,419
74,68
74,66
74,65
74,41
74,40
74,38
74,27
74,24
74,23
74,21
74,20
74,19
74,17
74,16
74,14
74,12
74,11
74,10
74,3
74,2
74,1
74,0
72,3
72,2
70,4
70,3
68,3
54,3
47,3
46,4
46,3
28,5
28,4
28,3
21,30
21,29
21,28
21,27
21,26
21,25
21,24
21,23
21,22
21,21
21,20
21,19
21,18
21,17
21,16
21,15
21,14
21,13
21,12
21,11
21,10
21,9
21,8
21,7
21,6
21,5
21,3
9,4
9,3
7,5
7,3
5,3
4,3
2,30
2,29
2,28
2,27
2,25
2,24
2,22
2,21
2,20
2,19
2,18
2,12
2,11
2,10
2,8
2,5
2,3
1,3
0,487
0,468
0,457
0,451
0,448
0,408
0,379
0,378
0,364
0,350
0,345
0,325
0,322
0,301
0,243
0,9
0,0
0,1
0,310
0,305
0,329
0,450
0,308
0,304
0,303
0,302
0,307
0,449
0,12
0,416
0,10
0,8
0,300
0,454
0,299
0,371
0,298
0,297
0,296
0,397
0,295
0,386
0,294
0,389
0,293
0,396
0,292
0,508
0,291
0,406
0,290
0,395
0,289
0,497
0,288
0,412
0,287
0,286
0,401
0,285
0,284
0,283
0,282
0,352
0,281
0,400
0,280
0,474
0,279
0,343
0,278
74,69
74,70
74,74
74,75
74,78
74,80
74,83
74,86
74,88
74,91
74,93
74,96
74,99
74,101
74,104
74,105
74,108
74,110
74,113
74,116
74,118
74,121
74,123
74,126
74,129
74,130
74,133
74,135
74,137
74,138
74,140
74,142
74,143
74,145
74,146
74,148
74,150
74,151
74,153
74,154
74,156
74,157
74,159
74,161
74,162
74,164
74,165
74,167
74,169
74,170
74,184
74,192
74,194
74,196
74,197
74,199
74,200
74,202
74,203
74,205
75,0
75,1
75,11
75,13
75,14
75,16
75,18
75,22
75,23
75,25
75,26
75,28
75,30
75,31
75,33
75,34
75,64
75,66
75,67
75,69
75,70
75,72
75,73
75,75
75,77
75,78
75,80
75,81
76,3
80,3
80,4
81,4
81,5
82,1
82,3
82,5
82,7
82,8
82,10
82,11
83,0
83,2
83,3
83,5
83,6
83,8
85,0
85,2
85,5
85,6
85,9
85,10
85,13
85,15
85,17
85,19
85,21
85,23
85,25
85,27
85,30
85,31
85,33
85,35
85,39
85,41
85,43
85,45
85,46
85,49
85,52
85,53
85,57
85,58
85,61
85,63
85,66
85,69
85,70
85,74
85,75
85,78
85,82
85,83
85,86
85,88
85,91
85,93
85,96
85,98
85,99
85,101
85,102
85,104
85,106
85,107
85,109
85,110
85,112
85,113
85,115
85,117
85,118
85,120
85,121
85,123
85,128
85,131
85,132
85,135
85,139
85,140
85,143
85,145
85,148
85,150
85,153
85,155
85,156
85,158
85,159
85,161
85,163
85,164
85,166
85,167
85,169
85,170
85,172
85,174
85,175
85,177
85,178
85,180
85,182
85,183
85,185
85,186
85,188
85,189
85,191
85,193
85,194
85,196
85,197
85,199
85,201
85,202
85,204
85,205
85,207
85,208
85,210
85,212
85,213
85,215
85,216
85,218
85,220
85,221
85,223
85,224
85,226
85,228
85,229
85,231
85,232
85,234
85,235
85,237
85,239
85,240
85,242
85,243
85,245
85,247
85,248
85,250
85,251
85,253
85,254
85,256
85,258
91,3
91,5
95,2
96,114
96,116
112,5
143,3
172,3
172,4
179,0
179,2
179,4
181,4
184,0
184,4
184,7
184,9
184,12
184,14
184,17
184,20
184,22
187,4
189,3
190,4
190,5
193,3
194,3
195,2
195,5
196,1
196,6
196,10
196,14
196,16
201,0
201,3
201,4
201,7
201,9
201,10
201,13
201,15
201,18
201,20
201,21
201,24
201,25
201,31
201,32
201,35
201,39
201,41
201,44
201,46
201,50
201,53
201,55
201,59
201,65
201,74
201,76
201,79
201,91
201,95
201,105
201,113
201,121
201,128
201,129
201,133
201,134
201,137
201,141
201,142
201,145
201,147
201,150
201,152
201,155
201,158
201,160
201,163
201,164
201,168
201,171
201,172
201,175
201,177
201,180
201,182
201,185
201,188
201,190
201,193
201,194
201,198
201,201
201,202
201,206
201,207
201,210
201,212
201,215
201,218
201,220
201,223
201,225
201,228
201,231
201,233
201,236
201,237
201,240
201,244
201,245
201,248
201,250
201,253
201,255
201,258
201,261
201,263
201,266
201,267
201,271
201,274
201,275
201,278
201,280
201,283
201,285
201,288
201,291
201,293
201,296
201,298
201,301
201,304
201,305
201,309
201,310
201,313
201,315
201,318
201,321
201,323
201,326
201,328
201,331
201,334
201,336
201,339
201,340
201,343
201,347
201,348
201,351
201,353
201,357
201,359
201,362
201,365
201,367
201,370
201,371
201,375
201,378
201,379
201,383
201,384
201,387
201,389
201,392
201,395
201,397
201,400
201,402
201,405
201,408
201,409
201,413
201,414
201,417
201,419
201,422
201,425
201,427
201,430
201,432
201,435
201,437
201,438
201,455
201,456
201,460
201,481
201,490
201,492
201,493
201,516
201,517
201,521
201,548
201,557
201,559
201,560
201,562
201,578
201,579
201,582
201,584
201,587
201,589
201,592
201,595
201,597
201,600
201,601
201,605
201,608
201,609
201,612
201,614
201,617
201,619
201,622
201,625
201,627
201,630
201,631
201,638
201,641
201,642
201,647
201,648
201,651
201,653
201,656
201,659
201,661
201,664
201,666
201,669
201,672
201,674
201,677
201,678
201,681
201,685
201,686
201,689
201,691
201,694
201,696
201,699
201,702
201,704
201,707
201,708
201,712
201,715
201,716
201,719
201,721
201,724
201,726
201,729
201,732
201,734
201,737
201,739
201,742
201,745
201,746
201,750
201,751
201,754
201,756
201,759
201,762
201,764
201,767
201,769
201,777
201,800
201,801
201,804
201,807
201,811
201,812
201,823
201,825
201,835
201,836
201,839
201,842
201,844
201,847
201,849
201,852
201,855
201,857
201,860
201,861
201,865
201,866
201,869
201,873
201,874
201,877
201,879
201,882
201,885
201,887
201,890
201,892
201,895
201,896
201,900
201,903
201,904
201,907
201,909
201,912
201,915
201,917
201,920
201,921
201,923
201,924
201,926
201,928
201,929
201,931
201,932
201,960
203,3
203,5
205,5
206,6
207,5
210,3
212,3
213,3
213,4
214,4
218,3
220,4
224,4
224,5
226,4
228,4
230,5
231,4
232,4
235,5
236,0
236,3
236,4
236,7
236,10
236,12
236,15
236,16
236,19
236,23
236,26
236,29
236,31
236,34
236,39
236,42
236,45
236,49
236,57
236,58
236,62
236,66
236,68
236,72
236,74
236,77
236,80
236,81
236,85
236,86
236,89
236,91
236,94
236,97
236,99
236,102
236,104
236,107
236,110
236,112
236,115
236,116
236,119
236,121
236,124
236,127
236,129
236,132
236,134
236,137
236,140
236,142
236,145
236,146
236,150
236,151
236,154
236,158
236,161
236,165
236,167
236,170
236,173
236,175
236,180
236,181
236,184
236,186
236,189
236,193
236,196
236,319
238,1
238,5
238,10
238,12
238,15
238,18
238,21
240,1
240,2
240,5
240,7
240,10
240,13
240,18
240,25
240,27
240,30
240,31
240,37
240,43
240,46
240,54
240,56
240,60
240,65
240,70
240,74
240,76
240,82
240,83
240,87
240,89
240,90
240,130
240,131
240,193
243,0
243,2
243,4
243,5
243,7
243,9
243,15
243,21
243,22
243,28
243,31
243,33
243,38
243,39
245,0
245,1
245,3
245,5
245,7
245,15
245,17
245,21
245,26
245,30
245,32
245,34
245,37
245,38
245,42
245,43
245,45
246,1
246,3
246,5
246,6
246,8
246,10
246,11
246,13
246,14
246,16
246,17
246,19
246,21
246,22
246,24
246,25
246,27
246,29
246,30
246,32
246,33
246,35
246,36
246,38
246,40
246,41
246,43
246,44
246,46
246,48
246,49
246,51
246,52
246,54
246,56
246,57
246,59
246,60
246,64
246,65
246,67
246,69
248,3
248,5
250,2
250,4
251,3
253,3
257,3
257,4
260,3
263,3
268,4
271,4
273,3
275,3
277,3
281,3
281,5
283,3
285,3
285,4
292,3
292,6
292,10
294,5
295,3
296,3
296,4
297,3
301,2
301,3
302,3
304,0
304,2
304,4
304,5
304,7
304,8
304,10
304,11
304,13
304,15
304,16
304,18
304,19
304,21
304,23
304,24
304,26
304,27
304,29
304,30
304,32
304,34
304,35
304,37
304,38
304,40
304,42
304,43
304,45
304,46
304,48
304,49
304,51
304,53
304,54
304,56
307,3
307,5
309,4
310,2
310,4
310,5
311,3
311,4
313,3
314,1
314,3
314,5
314,6
314,8
314,10
314,11
314,13
314,14
314,16
314,18
314,19
314,21
314,22
315,0
315,1
315,3
315,5
315,7
315,9
316,3
317,1
317,3
317,4
317,6
317,7
317,9
317,10
317,12
317,14
317,15
317,17
317,18
317,20
317,22
317,23
317,25
317,26
317,28
317,29
317,31
317,33
317,34
317,36
317,37
317,39
317,41
317,42
317,44
317,45
317,47
318,3
318,4
320,3
320,4
320,6
321,2
321,4
326,2
326,3
326,5
327,3
330,3
332,3
333,3
334,4
334,5
336,0
336,1
336,3
336,5
336,6
336,8
336,11
336,14
336,17
336,19
336,23
336,24
336,27
336,28
336,31
336,33
336,35
336,38
336,39
336,42
336,45
336,47
336,50
336,51
336,58
336,64
336,65
336,67
336,68
336,70
336,71
336,73
336,75
336,76
336,78
336,79
336,81
336,83
336,84
336,86
336,87
336,89
336,90
336,92
336,94
336,95
336,97
336,98
336,100
336,102
336,103
336,105
336,106
336,129
337,3
339,3
341,3
342,3
344,3
344,4
346,3
348,5
348,6
350,3
350,4
352,4
352,5
353,4
354,4
354,5
354,7
362,0
362,3
362,5
362,6
362,8
362,9
362,11
362,13
362,14
362,16
362,17
362,19
362,20
362,22
362,24
362,25
362,27
362,28
362,30
362,32
362,33
363,3
366,3
366,5
367,3
368,4
368,6
369,3
369,5
369,6
369,8
371,3
371,4
372,4
373,3
374,3
375,3
377,3
379,3
380,3
382,5
383,3
384,4
387,4
389,3
390,1
390,2
390,4
390,6
390,7
390,11
390,13
390,18
390,19
390,22
390,25
390,26
390,29
390,31
390,35
390,38
390,39
390,41
390,42
390,45
390,48
390,50
390,53
390,54
390,62
390,64
390,66
390,68
390,69
390,71
390,72
390,74
390,75
390,77
390,79
390,80
390,82
390,83
390,85
390,87
390,88
390,90
390,91
390,93
390,94
390,96
390,98
390,99
390,101
390,102
390,104
390,106
390,107
390,109
390,110
390,197
390,200
391,3
392,4
394,3
395,3
398,3
402,3
405,3
406,2
406,4
407,0
407,2
407,4
408,0
408,2
408,3
409,0
409,1
409,3
410,0
410,1
410,3
180,3
181,5
179,3
142,3
214,3
224,3
216,3
187,3
196,3
240,3
184,13
184,18
184,21
201,1
201,660
201,918
201,34
201,17
201,757
201,429
201,94
201,23
201,615
201,358
201,663
201,621
201,916
201,629
201,665
201,856
201,26
201,366
201,393
201,372
201,374
201,49
201,711
201,399
201,618
201,623
201,167
201,635
201,140
201,870
201,687
201,404
201,43
201,45
201,872
201,730
201,744
201,668
201,671
201,673
201,722
201,676
201,679
201,410
201,58
201,66
201,736
201,695
201,692
201,701
201,412
201,864
201,706
201,709
201,132
201,82
201,135
201,415
201,832
201,717
201,149
201,151
201,878
201,725
201,728
201,159
201,162
201,741
201,170
201,176
201,181
201,184
201,186
201,418
201,883
201,192
201,195
201,126
201,200
201,203
201,205
201,211
201,214
201,216
201,747
201,270
201,749
201,224
201,227
201,232
201,235
201,420
201,238
201,241
201,243
201,382
201,287
201,577
201,251
201,396
201,254
201,265
201,268
201,276
201,279
201,284
201,292
201,295
201,300
201,303
201,308
201,314
201,316
201,583
201,322
201,325
201,588
201,591
201,385
201,594
201,388
201,335
201,338
201,341
201,602
201,604
201,346
201,607
201,349
201,352
222,4
210,4
201,760
201,889
201,837
201,897
201,845
201,859
201,899
201,434
85,54
201,905
201,848
201,426
201,910
201,644
201,853
201,862
201,652
201,657
240,8
240,11
240,35
240,40
240,53
240,64
240,71
240,129
238,3
236,11
236,14
236,20
236,27
236,32
236,38
236,41
236,46
236,67
236,71
236,76
236,157
236,82
236,84
236,90
236,95
236,98
236,103
236,106
236,111
236,117
236,120
236,125
236,128
236,133
85,138
85,34
236,136
236,141
236,147
236,149
236,159
236,160
236,163
236,168
236,171
236,176
236,182
